{
  "advancedEditorSelectedIdentifier" : "ProjectBrowser",
  "openSceneRelativePaths" : [
    "Immersive.usda",
    "Heart.usda",
    "Chest.usda"
  ],
  "recentIdentifiers" : {
    "79ECF937-A970-43F4-9501-1FBA9B36DEA4" : [

    ]
  },
  "sceneCameraHistory" : {
    "79ECF937-A970-43F4-9501-1FBA9B36DEA4" : [
      {
        "date" : 743360223.221402,
        "title" : "Untitled",
        "transform" : [
          0.9991899,
          -7.436297e-10,
          -0.0402429,
          0,
          -0.007138006,
          0.9841436,
          -0.1772294,
          0,
          0.039604794,
          0.1773731,
          0.9833464,
          0,
          0.12967068,
          0.5730769,
          2.9458358,
          1
        ]
      },
      {
        "date" : 743359965.284265,
        "title" : "Untitled",
        "transform" : [
          0.9991898,
          -7.436296e-10,
          -0.040242895,
          0,
          -0.007138006,
          0.9841436,
          -0.1772294,
          0,
          0.039604794,
          0.1773731,
          0.9833464,
          0,
          0.12966691,
          0.57306004,
          2.9457424,
          1
        ]
      },
      {
        "date" : 743359947.092622,
        "title" : "Untitled",
        "transform" : [
          0.99999994,
          0,
          0,
          0,
          0,
          0.8660254,
          -0.49999988,
          0,
          0,
          0.49999988,
          0.8660254,
          0,
          0.011449773,
          1.5335901,
          2.581298,
          1
        ]
      },
      {
        "date" : 743359942.644449,
        "title" : "Untitled",
        "transform" : [
          0.99999994,
          0,
          -0,
          0,
          -0,
          0.8660254,
          -0.49999988,
          0,
          0,
          0.49999988,
          0.8660254,
          0,
          0,
          0.19307294,
          0.3344122,
          1
        ]
      }
    ],
    "AF09ED6F-1707-48FD-8720-65B998362C09" : [
      {
        "date" : 742743519.893317,
        "title" : "Untitled",
        "transform" : [
          0.99999994,
          0,
          -0,
          0,
          -0,
          0.8660249,
          -0.5000007,
          0,
          0,
          0.5000007,
          0.8660249,
          0,
          0,
          3.3618677,
          3.705587,
          1
        ]
      }
    ],
    "F8304E13-498A-49D8-BCDA-84385BB29D78" : [
      {
        "date" : 743360407.025299,
        "title" : "Untitled",
        "transform" : [
          0.9998074,
          8.463341e-11,
          0.019624734,
          0,
          0.010955549,
          0.82967126,
          -0.5581446,
          0,
          -0.016282083,
          0.5582521,
          0.8295116,
          0,
          -0.01712367,
          0.58393407,
          0.8683986,
          1
        ]
      },
      {
        "date" : 742743540.638629,
        "title" : "Untitled",
        "transform" : [
          0.99926746,
          3.481837e-11,
          -0.03826581,
          0,
          -0.036521457,
          0.2984834,
          -0.95371574,
          0,
          0.011421708,
          0.95441484,
          0.29826483,
          0,
          0.0118906675,
          0.99877685,
          0.31255674,
          1
        ]
      },
      {
        "date" : 742743539.053962,
        "title" : "Untitled",
        "transform" : [
          0.99962586,
          2.7157712e-10,
          -0.027350498,
          0,
          -0.017667782,
          0.7633572,
          -0.6457349,
          0,
          0.020878201,
          0.64597654,
          0.7630717,
          0,
          0.021780223,
          0.6757741,
          0.7989013,
          1
        ]
      },
      {
        "date" : 742743529.987813,
        "title" : "Untitled",
        "transform" : [
          0.99999994,
          0,
          -0,
          0,
          -0,
          0.8660255,
          -0.49999988,
          0,
          0,
          0.49999988,
          0.8660255,
          0,
          0,
          0.19162428,
          0.331903,
          1
        ]
      }
    ]
  },
  "selectedSceneRelativePath" : "Heart.usda"
}